tpHL =  5.31499E-10
tpLH =  2.93218E-10
