tpHL =  5.87264E-09
tpLH =  1.75371E-08
